2 2
3 1
3 3
-1 -3
4 2
-2 -2
4 9
3 -2
2 9
-3 9
6 -1
-4 -7
8 3
-9 2
3 4
2 9
5 -7
7 3
5 9
-2 4
6 -2
5 8
-3 -7
2 5
5 3
1 7
-7 2
9 3
-7 -7
4 -9
5 0
2 7 
5 -9
3 -5
2 8
4 -2
1 0
0 -3
8 4
4 -1
-5 2
9 -5
7 -2
6  5
7 -3
2 8
-3 0
7 -2
0 -4
9 -6
-4 6
3 -3
1 -8
5 9
8 -3
2 5
3 -2
3 -5
-6 -6
3 -6
6 3
2 -3
5 8
7 -7
6 -9
-3 9
9 0
8 8
4 -7
3 -6
2 0
4 4
0 -2
-7 2
 6 -1
-9 -7
2 -6
1 1
7 0
2 -8 
-3 4
2 -9
-5 7
-7 3
5 -9
-2 -4
3 5
-6 6
-3 -6
6 -8
-2 3
-5 8
-7 -7
-6 -9
-3 -9
7 -3
-2 -8
3 0
-7 -2
0 -4
-9 6
4 4
3 -3