0 0
-2 2
-1 -1
-4 2
-4 3
2 6
7 8
3 5
-7 8
3 -5
2 8
-8 4
3 -4 
5 8
1 5
-2 7
-4 9
5 7
-4 -6
1 -8
4 -5
2 9
2 -8
2 -4
9 4
-5 -2
5 -9
4 -6
6 -2
8 -3
4 0
9 -4
-3 -4
9 -4 
8 7
2 -7
-1 -4
5 -6
2 6 
5 5
4 -7
9 -4
0 5
8 8
4 -6
6 -2
-2 2
3 -9
-8 4
9 2
4 -2
-5 3
7 -1
8 -9
-6 -1
0 -7
-9 9
3 -7
6 6
-2 -5
9 -4
-1 5
4 -6
-3 5 
8 -5
9 5
5 -5
1 6
-4 0
3 -2
-1 -4
-6 -6
4 -1
9 -6
-4 4
7 -5
8 -8
9 0
3 7
5 -5
8 -5
-1 1
4 -2
-4 3
2 -6
7 -8
-3 -5
7 -8
3 -5
-2 8
8 -4
-8 9
6 -1
0 7
-9 -9
-3 7
6 -6
2 -5
-9 -4
-1 -5
-4 6